bodyGeo = [0.000000 0.000000
0.008907 0.021532
0.038551 0.050088
0.068196 0.076516
0.097841 0.101020
0.127485 0.123769
0.157130 0.144902
0.186775 0.164534
0.216419 0.182764
0.246064 0.199676
0.275709 0.215341
0.305353 0.229820
0.334998 0.243168
0.364643 0.255431
0.394287 0.266649
0.423932 0.276859
0.453577 0.286089
0.483221 0.294369
0.512866 0.301719
0.542511 0.308162
0.572155 0.313712
0.601800 0.318386
0.631445 0.322194
0.661089 0.325146
0.690734 0.327250
0.720379 0.328510
0.762000 0.328930];

x = bodyGeo(1:end, 1);
y = bodyGeo(1:end, 2);

